IMAGE_SIZE: [676, 380]
VOC_BBX: [281.2590449,187.0350708,327.7279305,223.225547]
EPOCHS: 100
NAMES: ['Car']
IMAGE: 416
BATCH: 16